Day_Date,vaccinated,vaccinated_cum,vaccinated_population_perc,vaccinated_seconde_dose,vaccinated_seconde_dose_cum,vaccinated_seconde_dose_population_perc
2020-12-19T00:00:00.000Z,40,57,0,0,0,0
2020-12-20T00:00:00.000Z,7315,7372,0.08,0,0,0
2020-12-21T00:00:00.000Z,24760,32132,0.35,0,0,0
2020-12-22T00:00:00.000Z,44357,76489,0.83,0,0,0
2020-12-23T00:00:00.000Z,62201,138690,1.51,0,0,0
2020-12-24T00:00:00.000Z,72660,211350,2.29,0,0,0
2020-12-25T00:00:00.000Z,37998,249348,2.71,0,0,0
2020-12-26T00:00:00.000Z,32034,281382,3.05,0,0,0
2020-12-27T00:00:00.000Z,103367,384749,4.18,0,0,0
2020-12-28T00:00:00.000Z,133018,517767,5.62,0,0,0
2020-12-29T00:00:00.000Z,153974,671741,7.29,0,0,0
2020-12-30T00:00:00.000Z,150481,822222,8.92,0,0,0
2020-12-31T00:00:00.000Z,156728,978950,10.62,0,0,0
2021-01-01T00:00:00.000Z,70579,1049529,11.39,0,0,0
2021-01-02T00:00:00.000Z,70954,1120483,12.16,0,0,0
2021-01-03T00:00:00.000Z,147146,1267629,13.76,0,0,0
2021-01-04T00:00:00.000Z,139766,1407395,15.27,2,2,0
2021-01-05T00:00:00.000Z,123008,1530403,16.61,0,2,0
2021-01-06T00:00:00.000Z,100782,1631185,17.7,0,2,0
2021-01-07T00:00:00.000Z,113753,1744938,18.94,4,6,0
2021-01-08T00:00:00.000Z,65341,1810279,19.65,5,11,0
2021-01-09T00:00:00.000Z,43934,1854213,20.12,26,37,0
2021-01-10T00:00:00.000Z,36898,1891111,20.52,5962,5999,0.07
2021-01-11T00:00:00.000Z,20293,1911404,20.74,19066,25065,0.27
2021-01-12T00:00:00.000Z,23478,1934882,21,35332,60397,0.66
2021-01-13T00:00:00.000Z,50921,1985803,21.55,56087,116484,1.26
2021-01-14T00:00:00.000Z,55141,2040944,22.15,67943,184427,2
2021-01-15T00:00:00.000Z,30164,2071108,22.48,35384,219811,2.39
2021-01-16T00:00:00.000Z,29138,2100246,22.79,25508,245319,2.66
2021-01-17T00:00:00.000Z,67698,2167944,23.53,83098,328417,3.56
2021-01-18T00:00:00.000Z,69221,2237165,24.28,117820,446237,4.84
2021-01-19T00:00:00.000Z,72600,2309765,25.07,134800,581037,6.31
2021-01-20T00:00:00.000Z,77528,2387293,25.91,140298,721335,7.83
2021-01-21T00:00:00.000Z,71154,2458447,26.68,160195,881530,9.57
2021-01-22T00:00:00.000Z,38666,2497113,27.1,69312,950842,10.32
2021-01-23T00:00:00.000Z,40528,2537641,27.54,52301,1003143,10.89
2021-01-24T00:00:00.000Z,70868,2608509,28.31,136677,1139820,12.37
2021-01-25T00:00:00.000Z,88114,2696623,29.26,129472,1269292,13.77
2021-01-26T00:00:00.000Z,80896,2777519,30.14,120997,1390289,15.09
2021-01-27T00:00:00.000Z,80655,2858174,31.02,120229,1510518,16.39
2021-01-28T00:00:00.000Z,82159,2940333,31.91,126412,1636930,17.76
2021-01-29T00:00:00.000Z,37770,2978103,32.32,62915,1699845,18.45
2021-01-30T00:00:00.000Z,34940,3013043,32.7,41724,1741569,18.9
2021-01-31T00:00:00.000Z,74338,3087381,33.5,57614,1799183,19.53
2021-02-01T00:00:00.000Z,82974,3170355,34.41,33882,1833065,19.89
2021-02-02T00:00:00.000Z,70154,3240509,35.17,29992,1863057,20.22
2021-02-03T00:00:00.000Z,59276,3299785,35.81,48370,1911427,20.74
2021-02-04T00:00:00.000Z,72047,3371832,36.59,55724,1967151,21.35
2021-02-05T00:00:00.000Z,34168,3406000,36.96,27921,1995072,21.65
2021-02-06T00:00:00.000Z,21061,3427061,37.19,21177,2016249,21.88
2021-02-07T00:00:00.000Z,53345,3480406,37.77,65260,2081509,22.59
2021-02-08T00:00:00.000Z,0,3480406,37.77,0,2081509,22.59
